001012784
006511317
010021090
010113350
010136480
010203189
010219739
010245060
010271844
010278802
010285503
010345072
010354622
010385895
010387418
010407225
010409845
010421975
010433177
010464097
010464392
010479467
010485706
010487021
010507001
010517678
010539757
010570428
010765430
010900999
010928154
010945021
010975533
012728416
016006058
020210407
020269871
020317668
020364347
020425347
020434582
020477247
020491732
020493931
020594137
020639624
030442581
030450326
030465198
030500350
030520667
043212828
043348177
043383155
043671439
043672267
043707868
043804542
043811309
050271701
050535944
050567288
051396248
052749391
060237450
060291560
060295150
060297880
060314330
060317560
060382780
060383965
060385190
060412637
060509621
060565215
060579810
060611363
060612081
060622238
060624641
060637026
060637319
060643815
060646762
060671881
060678059
060686219
060686238
060708453
060721266
060727429
060727969
060729434
060730085
060733197
060734200
060741089
060756769
060757353
060759035
060759981
060773121
060791234
060791750
060793248
060794375
060813697
060838234
060838406
060847509
060848144
060852462
060853679
060856826
060858289
060898726
060903209
060918344
060943341
060943436
060952252
060962537
060969437
060970702
060971222
060971347
060980850
061004254
061004536
061008685
061012686
061026159
061032285
061037062
061037324
061053627
061066612
061078780
061079315
061085983
061090867
061110432
061114742
061116519
061120541
061123431
061126337
061128846
061143634
061152259
061157872
061158673
061160558
061162854
061173043
061180006
061181787
061183747
061200716
061201571
061209905
061210552
061213337
061220891
061227499
061234567
061241713
061258432
061279120
061284105
061285803
061289220
061289571
061301341
061306615
061307336
061308404
061309787
061309837
061310084
061311976
061312181
061317083
061322501
061323684
061333705
061341028
061357224
061371508
061372270
061378246
061379215
061395952
061418897
061426731
061442223
061444749
061446536
061449146
061487099
061492280
061497891
061499261
061502563
061511077
061519152
061525987
061539537
061546191
061551047
061553589
061555476
061594182
061614397
061621300
061624183
061697982
063027700
066062527
098149339
110502155
111554704
111613018
111633485
111633568
111666852
111720254
111733439
111733454
111736129
111806155
111837437
111876887
111984545
112070002
112106557
112117806
112148708
112197886
112219032
112233773
112280506
112304593
112313195
112320614
112350757
112424307
112426065
112456247
112461712
112482974
112489484
112527868
112611384
112825424
112861852
113133643
113168894
113169352
113187400
113193665
113200513
113262018
113270257
113393394
113436667
113467498
113468414
113551992
113576952
113580784
113583433
113602805
113612196
113713156
113830886
116000463
116044973
130794380
131517541
131584475
131599108
131623878
131623915
131623918
131624082
131624134
131628164
131632522
131635277
131635305
131641081
131655255
131658789
131662105
131663215
131664054
131673581
131696763
131716713
131724577
131739922
131740119
131740122
131740484
131837409
131840454
131933394
131968035
131969570
131999109
132547675
132572597
132584439
132596634
132612524
132614959
132621497
132623356
132646102
132659322
132661988
132685281
132700122
132738818
132739793
132744380
132792409
132847693
132897375
132945229
132947386
132977970
132980858
132981331
133010236
133010743
133062419
133094045
133109248
133131438
133183476
133189926
133204871
133206603
133210603
133212942
133224783
133246732
133254484
133254942
133303089
133315508
133324058
133340383
133351420
133435987
133440397
133443266
133447226
133485508
133486829
133491492
133497504
133509921
133511970
133517421
133527179
133541913
133546842
133562071
133573620
133603578
133636375
133686771
133819494
133847478
133850158
133857105
133860154
133919793
133922175
133941069
133981536
133987280
133999322
133999590
134000192
134000326
134007862
134063204
134067164
134067855
134176600
134177380
134181770
134219947
134227034
134274958
135369500
135471800
135505367
135514352
135530847
135533689
135545100
135570651
135575332
135605970
135618584
135623497
135645879
135665557
135669201
135678522
136000565
136094926
136127348
136168827
136198844
136265606
136400434
136804536
137569462
140479613
140724820
140923749
141041790
141279525
141323607
141338309
141338399
141338498
141368361
141442159
141442493
141498340
141537912
141543468
141547239
141566132
141587423
141700763
141702380
141713034
141730579
141784170
141815092
141889889
141896979
146000849
146001407
146001456
146001592
146001632
146001639
146001820
146001821
146001846
146001847
146001867
146001883
146001920
146001948
146001997
146002008
146002058
146002076
146002393
146002431
146002563
146003939
146003956
146003977
146003993
146009250
146009381
146010107
146012196
146012314
146012395
146013200
150395735
155429867
157334400
160468020
161592810
161661957
161672023
161687503
161778334
161783217
166063879
200117847
200228885
200235398
200300428
200325966
200433007
200443332
200484486
200498348
200511364
200520252
200568363
200729497
200805845
200958024
201126358
201270220
201274914
201405996
201413756
201455656
201467617
201509729
201631464
201685966
201707962
201713297
201825250
201938893
201941665
201972235
201983054
202062969
202069690
202079578
202081476
202086253
202090375
202097129
202142932
202158734
202250327
202274317
202277461
202278620
202330877
202364523
202457204
202822027
202834936
202878791
202902922
203018590
203057343
203092495
203104930
203145340
203146443
203172776
203189505
203364140
203515052
203684091
203694536
203694983
203716271
203863686
203905946
203928590
203946941
203966364
204075049
204120615
204125970
204286061
204401460
204446936
204500706
204627825
204884797
205128455
205236050
205254549
205401071
205406734
205520812
205561055
205622030
205717931
205811576
205888812
205942122
205988744
208051969
208181037
208295498
208408929
208418262
208448427
208490186
208496435
208690763
208778497
208783504
208802495
208807093
208820474
208850431
208908584
208909798
221968498
222127379
222375138
222417778
223276290
223315144
223448675
223484108
223580280
223919165
223970844
231506006
232259884
232456725
232519912
233066066
237293784
237309552
237336001
242807367
251059306
251113407
260178636
260200711
260213049
260218834
260376769
260452320
260461288
260468923
260498253
260523479
260766970
260829148
261180737
261375011
261448395
261469366
261474211
261509222
261544084
261674714
261734385
261764138
261764871
261875048
261954079
261968485
262025812
262037148
262072987
262104214
262277833
262284133
262552809
262625055
262659754
262661991
262692560
262738636
262816886
262858269
263025808
263143232
263151856
263251115
263393790
263515098
263568537
263571827
263622199
263716988
263738620
263779718
263842004
263846276
264029427
264048179
264056300
264111410
264272916
264290619
264405490
264410365
264574156
264711218
264758363
269457800
270059535
270131816
270166139
270210763
270266517
270267182
270269747
270303763
270394859
270506997
270563856
270605410
270643380
270759431
270803930
270836175
270997046
271135818
271179057
271271450
271283889
271300008
271330236
271366945
271422678
271457904
271533328
271578431
271636138
271659343
271687056
271689212
271696680
271811177
271843280
272047041
272268279
272433065
272537926
272545152
272576165
272600230
272712434
272785008
272807637
272915881
272918998
272958234
273035072
273074788
273220491
273262918
273296874
273334131
273382989
273391980
273512161
273535167
273743077
274096904
274148775
274297686
274331628
274336888
274411485
274449278
274504501
274549961
274576754
274706669
274744490
274836354
275196551
275239966
275255182
275434602
275560437
300005913
300056663
300145057
300196884
300567387
300603152
300714875
300819443
300855824
300885374
301142556
306201871
310267820
310393100
310491650
310533105
310535048
310569533
310577041
310586812
310598736
310600843
310620146
310674071
310674755
310685168
310741641
310800904
310812680
310816660
310818981
310823974
310882500
310903081
310913064
310916395
310951208
310958751
310984945
310991569
311000688
311019080
311024036
311041741
311048645
311081751
311102250
311228823
311233819
311267032
311277497
311315277
311315864
311318136
311339854
311356520
311381696
311414921
311452973
311501468
311514734
311521503
311537655
311560028
311563156
311586708
311630905
311694734
311709484
311760761
311776181
311793828
314291610
314340520
314343310
314360115
314377882
314405752
314446008
320104168
320157950
320165874
320435609
320519240
330020042
330028430
330066934
330149247
330251153
330256533
330290053
330339278
330380951
330433970
330443623
330458262
330467088
330467461
330507749
330524098
330531239
330551253
330581537
330631616
330704974
330735406
330736815
330740574
330747313
330789288
330801877
330802291
330803598
330866299
330884359
330885117
330891513
330909036
330932433
330933634
331024972
331125274
331220732
331227980
340159140
340165010
340215960
340253240
340253990
340281570
340323340
340349955
340516340
340526850
340538550
340577130
340587560
340628460
340676895
340688825
340694008
340705108
340742487
340744207
340759495
340759537
340821995
340837818
340839758
340859792
340869474
340872837
340930059
340938871
340968868
340977035
341030967
341056571
341082874
341095641
341134300
341142780
341145015
341186400
341190957
341225181
341232702
341235416
341391975
341536174
341546419
341554341
341566847
341608766
341644643
341667340
341729044
341741349
341747365
341766976
341806678
341824939
341894449
341910968
341961489
344321530
344355690
344472215
344493159
345678901
346528857
350162520
350258390
350392360
350409130
350420240
350534285
350797332
350814590
350865680
350895163
350904506
350911052
350918397
351000447
351001491
351057796
351097778
351105235
351120680
351178661
351283831
351323321
351327464
351340753
351341140
351343769
351347595
351398462
351424061
351437897
351465821
351492710
351509615
351510052
351554219
351583146
351659138
351697911
351726818
351869696
351870168
351919669
351923481
351931810
351939896
351940666
351952842
351959429
351961478
351964648
351967464
351971765
351972716
351973038
351995023
352014768
352067975
352094565
352094811
352120246
352141064
352189801
352247129
352289914
352295935
352352663
352420942
352461789
352523812
352544538
352548053
352627443
352717158
356001612
356042189
362114545
362589105
362755637
362948619
363183974
363530632
363629093
363898269
364415727
364492725
364514274
364535141
364638480
364824950
364874699
364898748
371170559
371454875
371508469
371665745
371775207
371792804
371817223
371867237
371880111
371896293
383204402
383651975
383658083
383860390
383985063
384033378
384042589
384119518
384275355
390273710
390333950
390448110
390482000
390780599
390869862
390944729
390968228
391152983
391864073
391865219
392000702
392016366
392040206
401157364
410518430
411494850
411729898
411944416
412034971
412116361
416502765
421536865
421556735
421639443
421673580
424713931
430168502
430574450
430575950
430647535
430658593
430709967
430733382
430742269
430995011
431180401
431394059
431437650
431592723
431613306
431844227
431850567
440461520
449339432
450488462
450503852
450573278
450952760
451285389
451343779
451642360
452216734
452241776
452280971
452320063
452372008
452496821
452559683
452638822
452658976
452712475
452757255
452774002
452807940
452835749
453188276
453217621
453355866
453538518
453558881
453595502
453917162
454001636
454051542
454066706
454078996
454104058
454133741
454156456
454185353
454220512
454281794
454377784
454436252
454446216
454466563
454478304
454635799
454686708
454735570
454806091
454908766
454931138
454981852
454997432
455001650
455063049
455108603
455259604
455283537
455372621
455552786
460475184
460645536
460711036
460912761
461077171
461256121
461279155
461417652
461428713
461545838
461623533
461629003
461685193
461769288
462012788
462191170
462251041
462270780
462297184
462464672
462509872
462613848
462620339
462702759
462800931
462957617
463037252
463247179
463309839
463339192
463436166
463493476
463530187
463554970
463642772
463788748
463828324
463894668
464009272
464061707
464131697
464185961
464255268
464256000
464333648
464432967
464458679
464495747
464520014
464597317
464622213
464712293
464850911
464918041
464934141
464972493
464985985
465022686
465023122
465039599
465460566
465489816
465495680
465630757
465757125
470785474
470935451
470962713
471003472
471020263
471198641
471206307
471214177
471235840
471374764
471417635
471569936
471596285
471780335
471780835
471882828
471932181
472043205
472043469
472048496
472162503
472198126
472215838
472251542
472284737
472328138
472365326
472403413
472557033
472591315
472615987
472625111
472679880
472792088
472872484
472917599
472943696
473020360
473157689
473183278
473191048
473298624
473303030
473335141
473588638
473646906
473750777
473784443
473817185
473848577
474266844
474297899
474444716
474492596
474512835
474527029
474601011
474610483
474626310
474725090
474775396
474780832
474822674
474845346
474905440
475114483
475252441
475406268
475584039
475668067
481304650
510436078
510463454
510531212
510550560
511221674
511382688
520964503
521188014
521242334
521471842
521568099
521688952
522111470
522152617
522167306
522174037
522200828
522242751
522243214
522293452
522334338
529903380
540331860
540458233
540478011
540490409
540504608
540554374
540568406
540584414
540624996
540661016
540722734
540835008
540837857
540839564
540851189
540880147
540928332
540929540
540942164
541023188
541036991
541038996
541049822
541058954
541217983
541254827
541260317
541317776
541325812
541448730
541589329
541711700
541760972
541835842
541853633
541893671
541960164
546001109
550867561
555786503
562336386
562409465
562409473
562409481
562409489
562409497
562468527
562530411
568170860
571195947
573762870
580525495
580652729
580678982
581051204
581300546
581605660
581853319
582020515
582283470
582479187
586000504
593126484
593216484
593326484
593762828
610117860
610123210
610140845
610156435
610168000
610184170
610188980
610189291
610233080
610252170
610258130
610263630
610269770
610288500
610300420
610305640
610328101
610335090
610350770
610378950
610385430
610401854
610407058
610417487
610418777
610474655
610490079
610506067
610510369
610517482
610524472
610531281
610538808
610547583
610560747
610561062
610563104
610566320
610566760
610566959
610569819
610570320
610574162
610599943
610604506
610606252
610622133
610623144
610624158
610652263
610656569
610662270
610664595
610670859
610674058
610674234
610679012
610700883
610701922
610708228
610708946
610714660
610718497
610721697
610729748
610729996
610845738
610853686
610860868
610862432
610866216
610868786
610888526
610902693
610909204
610911225
610920062
610926512
610928582
610932520
610933755
610940585
610944780
610952289
610959078
610961116
610962531
610963325
610968879
610969304
610972791
610982630
610983555
610984331
610984707
610997369
610998217
611002089
611012005
611035196
611036882
611037129
611046283
611046584
611050888
611054728
611055542
611056682
611057552
611077774
611084646
611087359
611088522
611091707
611110279
611112611
611113462
611122868
611124456
611144695
611149226
611154448
611157290
611157732
611157912
611170077
611181632
611189953
611210054
611210177
611225413
611227412
611229111
611230376
611232319
611234918
611238193
611238895
611244209
611258533
611261567
611261766
611263869
611265130
611269638
611272460
611275547
611278990
611279509
611286279
611289650
611294438
611314928
611316812
611317953
611331493
611337585
611352653
611369285
611374799
611382253
611385195
611390959
611400920
611460812
611502782
611509168
611663221
611713477
611763078
611787822
611797223
611810347
611899436
611903085
611953012
612021110
616000341
616000392
616058688
621585596
640950642
650731524
651212973
651261950
651289878
652225040
680021200
680064180
680071729
680098498
680107226
680129541
680154024
680176325
680190508
680205959
680206208
680249424
680256329
680257238
680259271
680338061
680366849
680401040
680403039
680418470
680422383
680438984
680444000
680446259
680460165
680539124
680594925
680617625
680658074
686169357
693321870
708957950
710336503
710554071
710994072
711000519
721172705
731628843
731713068
741205596
743046353
743076552
743243189
753086515
753092877
753095811
753211251
760769331
760794544
770005104
770007095
770023039
770030735
770032827
770039426
770056201
770079387
770081452
770102681
770113770
770127244
770128077
770151978
770159033
770168697
770179150
770199268
770214590
770218294
770233199
770248488
770260692
770275055
770282362
770297822
770321009
770337740
770340405
770363037
770385839
770398651
770406042
770408781
770432124
770444804
770454805
770456453
770457216
770459122
770460125
770464417
770473221
770487339
770493581
770494573
770496599
770498739
770520406
770528185
770530019
770530511
770536629
770540964
770543461
770552864
770575719
770584729
770587587
770669666
800024175
800100786
800114343
800243906
800278277
800325678
800438456
800630202
800725012
800873981
800909859
800935078
810615901
810617378
810723442
810932728
810964147
810970204
811021165
811025514
811028496
811311937
811388983
811402466
811408686
811410171
811448354
811456238
811531447
811633809
811659254
811740033
811776810
811782693
811872990
811904700
811925332
812369846
812440527
812464194
812492128
812568244
812568960
812608849
812636157
812650339
812760224
812766019
812772433
812832914
812934483
812945531
813032276
813140057
813242979
813348140
813527103
813621089
813652030
813652838
813660404
813915263
813965418
814084872
814173541
814208138
814240616
814471578
814539822
814558391
814651173
814666989
814680053
814694458
814794020
814812268
814957317
814988883
815318083
815412193
815453401
820571920
820579881
820661068
820699889
820750869
821034648
821173692
821213395
821285516
821286770
821342082
821352809
821355831
821367023
821417215
821501309
821514565
821571403
821644234
821669829
821715167
821842424
821842652
821853763
821858740
821866205
821900139
821936172
821948845
822050442
822068773
822200533
822284074
822297152
822371899
822374355
822402259
822482336
822487566
822502400
822513303
822526311
822685557
822728716
822731846
822748875
822823366
822922871
822953823
822955853
823070045
823162924
823202129
823293974
823353728
823391740
823574548
823605035
823660922
823663421
823688415
823701987
823712442
823714415
823744556
823843939
823854299
823924992
823992562
824042285
824064838
824066920
824155830
824157637
824163207
824289294
824349019
824448687
824484246
824484289
824556173
824562568
824639373
824700759
824829614
824942701
824954223
825294847
825316909
825359497
825452422
825515868
830398065
830398145
830461393
830501079
830507274
830550162
830717379
830723306
830728363
830798771
830849275
830857960
830866803
830914808
831163147
831214404
831215689
831371906
831404398
831615133
831622915
831678386
831678835
831700255
831729387
831746894
832071784
832151059
832375595
832428409
832651393
832725971
832817891
832853651
833041028
833081743
833223614
833313860
833435309
833513948
833568281
833619003
833759110
833812930
833902621
833905815
833932695
833949198
833996120
834022994
834334517
834402081
834490700
834513350
834674703
834682631
834698521
840178360
840279496
840301010
840338590
840346595
840394042
840436104
840479758
840494359
840510152
840528440
840537292
840565077
840579583
840597098
840599678
840604461
840610884
840618247
840627107
840629018
840631244
840659156
840720970
840723547
840728363
840746271
840748921
840786512
840791248
840860800
840865224
840871906
840878684
840894714
840928703
840945660
840987873
840988499
840999305
841049200
841064256
841078304
841091754
841123080
841127302
841162450
841166195
841181128
841203870
841204443
841227019
841231577
841232063
841249227
841252344
841258703
841295904
841298267
841305650
841320058
841322972
841338381
841340210
841356455
841364297
841423526
841438180
841475241
841482775
841489766
841498171
841504686
841536461
841558401
841568169
841572516
841580852
841601193
841631915
841751511
841804554
841811462
841891811
841999190
842099447
842196419
842439342
842518303
842630066
842885697
842895580
842946998
842957096
843046685
843360410
843366561
843485478
843590572
843737983
843746147
843778327
843804955
843955996
844086398
844092295
844095274
844169366
844208232
844223409
844239311
844246158
844259995
844473493
844513674
844552925
844556734
844590464
844743138
844751168
844995666
845056804
845058315
845060464
846038716
846053441
850578330
850633376
850782475
850850598
851124932
851311996
851365057
851473870
851538209
851606281
851684371
852108941
852337794
852509267
852524654
852552747
852790135
852820237
852829727
852831845
852863266
852879095
852966206
853247565
853296797
853322641
853571659
853584076
853598667
853618024
853626626
853639927
853789939
853918106
853964602
853973964
853998574
854108974
860457187
861064991
861122387
861130135
861166717
861290698
861365263
861488084
861629603
861910006
862162434
862260511
862484478
862536745
862572733
862834278
862863577
862939727
863066703
863073219
863078376
863182461
863399337
863568555
863857397
870617894
870935160
871095578
871216026
871285128
871484779
871491078
871575448
871672163
871885097
871892637
872078862
872312220
872325716
872436264
872474456
872493275
872668864
872670692
872725913
872805564
872923046
872975105
872983743
872984306
872985467
872987183
873085253
873173898
873506985
873788509
873855936
874015263
874015994
874048171
874086890
874256219
874291223
874297453
874321178
874344724
874672117
874725883
874800140
876798991
880053279
880056434
880117387
880135178
880140647
880142235
880151950
880233061
880233224
880244814
880260291
880270168
880273023
880319132
880352060
880368609
880384155
880384197
880421324
880551560
880578321
880626660
880676641
880687247
880697868
880758187
880893065
880908288
880981892
880984960
881077647
881106805
881160772
881203035
881298028
881363662
881516683
881632382
881722237
882069506
882377077
882484804
882682484
882732209
882846451
883321331
883583305
883774443
883784575
884320212
900007224
900181200
900221205
900388912
900433162
900459202
900511448
900524293
900642811
900663260
900725364
900750205
900797954
900818246
900824696
900877936
900956709
900975192
901128807
911616891
911848643
911949661
912113093
912171906
920243604
920419263
920446429
920556270
920733135
920931957
921086660
921089022
921104484
921109036
921311823
921735134
921883364
921895577
922287258
922610000
922768768
922816125
922829691
923570122
923616467
923766125
923818990
923882881
923885537
923966066
930751265
930759820
930797294
930931332
930995542
931206879
931610455
932409750
932756945
933139802
934069334
934481195
934514698
934623561
934763822
934802859
934841374
940322450
940348330
940362795
940519560
940525220
940762430
940841990
940926670
940935320
940993915
941070356
941084955
941107920
941134154
941147776
941212396
941224870
941229758
941251248
941342776
941351546
941358546
941369591
941383974
941386566
941397899
941444191
941480694
941481988
941529054
941601592
941605103
941615289
941619190
941628429
941663663
941690695
941716912
941730900
941751197
942145414
942170932
942187232
942187952
942221475
942230964
942234885
942251954
942274866
942280836
942287800
942307960
942310808
942315737
942353025
942354342
942382222
942416362
942420293
942432259
942461882
942512389
942513557
942536369
942546177
942546868
942586265
942649123
942672769
942680760
942705632
942713703
942714407
942720366
942725516
942744780
942755627
942784862
942803398
942828833
942859152
942860219
942861940
942876679
942878015
942922414
942953271
942990653
943024325
943027237
943059329
943096896
943099376
943103908
943111136
943112017
943128968
943130764
943133402
943180815
943193448
943197174
943198025
943198212
943198536
943272231
943283005
943316325
943332840
943341250
943351362
943359302
943392711
943397213
944574070
950553290
950563800
950597220
950725935
950772800
950795590
950914550
951182312
951210756
951284490
951322840
951325930
951325940
951461856
951490239
951492980
951499179
951550929
951600230
951629914
951651529
951665338
951716734
951721781
951763020
951770779
951789082
951831959
951845848
951959637
951966142
951987119
952018373
952034720
952039960
952043126
952051111
952051620
952060808
952090151
952095840
952099970
952110483
952115431
952146137
952283088
952287803
952372898
952378807
952412088
952413694
952451872
952455818
952463720
952469544
952553658
952569776
952575123
952589691
952629897
952634918
952639015
952667602
952677961
952695182
952744974
952756064
952761660
952774371
952807203
952824945
952834107
952868288
952874036
952876276
952891612
952916513
952935971
952961936
952963854
952977181
952985139
953011620
953014772
953033354
953034433
953044720
953066943
953080800
953147293
953153327
953159131
953184251
953239468
953249265
953277083
953324061
953329548
953337658
953352051
953408200
953425146
953428542
953443134
953445606
953474205
953494678
953496945
953500955
953505779
953507970
953547882
953552904
953611054
953648146
953650794
953653107
953670954
953683907
953708333
953726840
953738436
953740912
953751930
953797134
953873844
953879747
953903821
953939216
953940887
953940954
953941489
953961525
953965613
953970880
953977773
953983302
954042729
954070647
954071959
954080426
954092461
954113766
954118080
954137617
954145063
954148514
954186921
954196562
954284541
954293727
954297925
954306650
954308008
954309421
954312017
954340723
954353736
954362131
954363469
954400727
954430784
954441336
954443593
954457336
954461694
954483511
954491952
954504432
954514734
954517329
954520837
954523778
954542952
954553996
954558242
954572536
954590713
954591071
954592556
954593511
954599958
954637672
954658278
954661312
954663608
954664482
954675977
954677676
954709399
954714474
954717470
954737446
954737741
954742737
954762156
954764981
954767371
954831132
954836032
954840192
954849734
954859634
954880191
956079711
956091713
956461992
980140269
980461222
980582116
980608508
981488978
990360908
990381737
990875400
990889051
991509375
991637084
992121178
992737901
992874056
993134319
993162892
994387377
994641298
994783215
